22
Glyma.01G180400 0.0000000 0.8600551 1.9953503 2.0420941 2.0888846 3.1149992 2.7279887 2.4418982 2.1229732 2.1229732 2.7297693 2.2850099 2.2752351 2.0672235 2.3102244 2.2310119 2.2088731 2.0521549 0.8473180 2.3827750 3.1928796 2.2354452 
Glyma.02G060800 0.8600551 0.0000000 1.7492679 1.5433951 1.8488339 2.3216272 1.9990693 1.5889738 1.7404725 1.7404725 2.2782994 1.6982961 1.6456151 1.6556243 1.6555429 1.8245620 1.6974915 1.6527735 0.1158005 1.6424366 2.3669878 1.6225074 
Glyma.07G186200 1.9953503 1.7492679 0.0000000 0.9905404 0.9308140 1.6916256 1.4603598 1.2069380 0.6875005 0.6875005 1.2523850 1.1242007 1.0475357 0.5610030 0.6727874 0.5695692 0.7329604 0.5868873 1.7739470 1.1170409 1.6080362 0.6452152 
Glyma.07G186300 2.0420941 1.5433951 0.9905404 0.0000000 1.1689102 2.1159222 1.6950758 1.3439282 0.7302715 0.7302715 1.1348932 0.8216672 0.7610437 0.7666916 0.9530305 0.8474379 0.7634136 0.6317636 1.5732090 1.3227817 2.0357476 0.8016330 
Glyma.07G186400 2.0888846 1.8488339 0.9308140 1.1689102 0.0000000 2.2703578 1.8041835 1.6472662 0.9841426 0.9841426 1.1770472 1.2044078 1.2116375 0.8817171 0.8710342 0.7852354 1.0045939 0.7296602 1.8541682 1.6596398 1.8615092 0.8960547 
Glyma.10G047000 3.1149992 2.3216272 1.6916256 2.1159222 2.2703578 0.0000000 1.7307669 1.6251668 1.7674084 1.7674084 2.6754310 1.9905873 1.9893904 1.8347890 1.6976323 1.7550475 1.7753649 1.5683334 2.2317926 1.5663600 1.8644894 1.6300447 
Glyma.13G094100 2.7279887 1.9990693 1.4603598 1.6950758 1.8041835 1.7307669 0.0000000 0.9126809 1.3465022 1.3465022 3.0439350 1.6601013 1.5488162 1.3973820 1.5242773 1.4147866 1.4022170 1.3034341 2.0045702 0.9625427 0.1814432 1.4540953 
Glyma.13G094200 2.4418982 1.5889738 1.2069380 1.3439282 1.6472662 1.6251668 0.9126809 0.0000000 1.2812764 1.2812764 2.3151054 1.5931048 1.5082958 1.3557158 1.3848677 1.3775620 1.2846816 1.1428357 1.6578024 0.0508628 1.0359683 1.2667861 
Glyma.13G251600 2.1229732 1.7404725 0.6875005 0.7302715 0.9841426 1.7674084 1.3465022 1.2812764 0.0000000 0.0000010 0.4020509 1.1005665 1.0600187 0.2178628 0.3202150 0.2840722 0.0925402 0.1136514 1.6721014 1.2386878 1.4920923 0.2931193 
Glyma.13G251700 2.1229732 1.7404725 0.6875005 0.7302715 0.9841426 1.7674084 1.3465022 1.2812764 0.0000010 0.0000000 0.4020509 1.1005665 1.0600187 0.2178628 0.3202150 0.2840722 0.0925402 0.1136514 1.6721014 1.2386878 1.4920923 0.2931193 
Glyma.13G252500 2.7297693 2.2782994 1.2523850 1.1348932 1.1770472 2.6754310 3.0439350 2.3151054 0.4020509 0.4020509 0.0000000 2.1311638 2.0604954 0.2267565 0.3684758 0.3401404 0.4538187 0.4665997 2.1331005 2.1790808 2.8637519 0.3818800 
Glyma.13G252600 2.2850099 1.6982961 1.1242007 0.8216672 1.2044078 1.9905873 1.6601013 1.5931048 1.1005665 1.1005665 2.1311638 0.0000000 0.0738085 1.1247810 1.2738734 1.2411622 1.1578725 0.8536918 1.8063399 1.5145211 1.6388822 1.0869121 
Glyma.15G062300 2.2752351 1.6456151 1.0475357 0.7610437 1.2116375 1.9893904 1.5488162 1.5082958 1.0600187 1.0600187 2.0604954 0.0738085 0.0000000 1.0453064 1.1809791 1.1465477 1.1126799 0.8221261 1.7504243 1.4185813 1.6450762 1.0561848 
Glyma.15G062400 2.0672235 1.6556243 0.5610030 0.7666916 0.8817171 1.8347890 1.3973820 1.3557158 0.2178628 0.2178628 0.2267565 1.1247810 1.0453064 0.0000000 0.2586871 0.2234745 0.2540286 0.1812543 1.5727848 1.3104241 1.6740902 0.2078872 
Glyma.15G062500 2.3102244 1.6555429 0.6727874 0.9530305 0.8710342 1.6976323 1.5242773 1.3848677 0.3202150 0.3202150 0.3684758 1.2738734 1.1809791 0.2586871 0.0000000 0.1700037 0.3440256 0.3358896 1.7274640 1.3486080 1.6711682 0.3252784 
Glyma.15G062700 2.2310119 1.8245620 0.5695692 0.8474379 0.7852354 1.7550475 1.4147866 1.3775620 0.2840722 0.2840722 0.3401404 1.2411622 1.1465477 0.2234745 0.1700037 0.0000000 0.3100776 0.3073534 1.7861368 1.3531874 1.5719661 0.2736000 
Glyma.15G062800 2.2088731 1.6974915 0.7329604 0.7634136 1.0045939 1.7753649 1.4022170 1.2846816 0.0925402 0.0925402 0.4538187 1.1578725 1.1126799 0.2540286 0.3440256 0.3100776 0.0000000 0.1427995 1.7412691 1.2429779 1.5232506 0.3045616 
Glyma.15G062900 2.0521549 1.6527735 0.5868873 0.6317636 0.7296602 1.5683334 1.3034341 1.1428357 0.1136514 0.1136514 0.4665997 0.8536918 0.8221261 0.1812543 0.3358896 0.3073534 0.1427995 0.0000000 1.6009367 1.0887406 1.5902691 0.2358053 
Glyma.16G143300 0.8473180 0.1158005 1.7739470 1.5732090 1.8541682 2.2317926 2.0045702 1.6578024 1.6721014 1.6721014 2.1331005 1.8063399 1.7504243 1.5727848 1.7274640 1.7861368 1.7412691 1.6009367 0.0000000 1.7128150 2.3405625 1.5615808 
Glyma.17G066000 2.3827750 1.6424366 1.1170409 1.3227817 1.6596398 1.5663600 0.9625427 0.0508628 1.2386878 1.2386878 2.1790808 1.5145211 1.4185813 1.3104241 1.3486080 1.3531874 1.2429779 1.0887406 1.7128150 0.0000000 1.0473571 1.2384981 
Glyma.17G066100 3.1928796 2.3669878 1.6080362 2.0357476 1.8615092 1.8644894 0.1814432 1.0359683 1.4920923 1.4920923 2.8637519 1.6388822 1.6450762 1.6740902 1.6711682 1.5719661 1.5232506 1.5902691 2.3405625 1.0473571 0.0000000 1.5716118 
Ccajan          2.2354452 1.6225074 0.6452152 0.8016330 0.8960547 1.6300447 1.4540953 1.2667861 0.2931193 0.2931193 0.3818800 1.0869121 1.0561848 0.2078872 0.3252784 0.2736000 0.3045616 0.2358053 1.5615808 1.2384981 1.5716118 0.0000000 
